StudyHours,Attendance,PreviousMarks,SleepHours,GamingHours,SportsHours,FinalMarks
3.7551662379808226,73.325131723476,58.301426601645915,8.070411808524817,1.0320322034532448,2.727332854856767,82.05048494660763
2.848951594934379,98.24197122629822,86.58743420942193,5.872159454186441,3.961276831652445,0.3037087217774821,87.30962867297313
0.9073974231284543,74.20901955944116,73.78248190785771,5.453484956779436,4.392471690728501,2.600748247725947,60.647357231943246
8.053034489985105,57.965373484842644,70.70966610616472,4.5938921832036925,3.003960804617974,2.173582671983752,90.73229968595946
3.597926073812351,59.62069319036421,34.58670275042265,7.888679441991938,0.20684542533222994,1.342630829454896,64.95570413324573
4.802441341926794,86.3219343234784,32.63337553760641,6.111788410913504,3.5941104128984236,0.701343452789428,70.37544378297328
9.689493229780027,80.8818300669381,57.84006152579097,7.619676995051554,3.847183607639168,1.5802434932152716,100.0
2.580410198273447,84.20310263628694,60.24633466845599,4.514846100459241,2.289882599098245,2.7195269303769476,73.13319016336823
4.671811594133218,71.57268812086997,57.00503940226882,9.382270877514543,3.412880859590226,1.7827303088123405,71.17859854738253
7.9672656106695285,96.41305201235579,53.28468951114809,9.524311432865137,0.03488631010540977,2.152565819121749,100.0
2.282313023466961,64.31132188627605,53.66069869237714,6.7335579320866605,1.5965795123006554,1.6937655966213523,64.55431013768832
1.1436398748290755,95.55838121045983,90.81878971033294,6.998268821989084,4.324534689638492,0.06724134164143514,76.97080631912145
2.1616919885904293,80.38318708457568,45.594587325305575,4.3154333148110355,0.7288534076233172,0.3661041614262436,57.33757609151079
7.2632964736871966,92.19839360365752,49.3682099388826,7.889187898601692,0.8294903944545401,2.413186437181525,96.34083548970773
0.5514668030882142,65.32171051475153,76.62711143702637,4.3050102476775605,1.6105815570225868,0.20847378106321168,59.703173161559526
4.776195718594307,53.27294412796419,61.22498829776329,8.131313574237678,2.723631138799803,1.836495070033168,72.02943817343645
1.360466809265456,63.2823031205861,55.08127460259327,7.434015050458816,3.573747319297062,2.708786265897073,62.632072777984945
3.083801344741739,52.85429771868024,37.77567299933472,5.0946644251282995,2.2454826908952925,2.5416577309446144,56.81981533179526
1.9483641002221197,88.69923690158143,54.14260343971262,6.181680739236763,3.5678724822251358,2.175606022348009,66.26220566954954
5.662059294520722,62.796870712816585,32.62419794300468,4.126695644759963,1.853001307223875,1.1894369654313348,68.20982685920575
7.042656395513655,56.73786813131539,62.19993639947769,6.192164813772404,2.410135676879645,2.932275799473536,89.53185105819242
9.35126393759244,83.97773921776809,48.74627175038815,9.755963312791387,0.8354950129907041,1.4507153012606984,100.0
6.244240606968736,95.89669614815563,76.41182898931197,6.054147105951095,1.5444488298271568,2.73332003760179,98.83966544562875
2.8029608574633604,88.69822075450102,80.28177176790547,6.477991775871676,1.8784666770700664,1.0073928703254005,89.38340605839134
6.068415465078162,60.55249626946279,44.498045932485944,7.33530086781285,3.1589373844549313,0.511366887847192,70.61260618793976
9.940498734424208,72.32985851176215,60.422331324211484,9.979374337462023,3.523169066791731,1.565031806345106,99.31869407844354
7.0312451445793105,55.0083899617593,70.98526334634839,8.632847245330762,2.582181254377862,2.153084843527583,88.54825874277053
7.7089820664449125,81.01483045207455,75.2830232436473,4.6695643905488415,0.5427895506435909,0.27749511498543056,100.0
1.8377693529524142,93.77473195622301,73.99580657896331,9.395218166665522,1.4870801401844553,0.9447249031209496,70.75911912521251
3.7833494466300244,97.81551138798059,32.17964213194493,7.469874971517498,4.5498136951163035,2.9326855604369264,68.19588903633175
6.877998328072072,51.76236205345062,77.2491485616532,4.180667370025925,3.5440166453688304,2.3222209524150537,91.47273092527281
3.8339018605526167,79.53982729287047,81.27453426051963,7.374021366615843,2.518709870363256,0.5028976006825372,83.26175282896321
8.48804512747422,87.39740494791143,42.67700548020265,8.084757334360116,1.1458888471329747,1.7734789165721776,97.7575345234478
6.996983128677354,77.29356703121177,67.15007840680961,4.135212588798438,1.8401791708830912,2.142050478119656,97.74828319667644
8.466553352057025,75.76077346978306,45.33511741405377,4.14024395412189,4.1830274058366,2.1801586455461113,81.55486035769351
8.214076146766779,81.23790063805059,55.30957236740739,7.278552020770334,4.104692350936553,1.2740124471972305,91.79113163683826
1.0403099935047544,67.95964108620556,42.225009251827544,9.1186099973545,1.6332826155115625,1.901647125373524,48.06938484089771
4.168941965956064,99.38600845654256,47.32661867389369,5.890575214802249,3.797999819609141,0.8292226032665307,70.9303169941319
3.540376795957274,64.81666341659266,79.89849597758294,6.967725441832169,2.629704808011512,2.9994733598739223,83.74239909664827
3.047557281971478,52.046125844522045,45.37423800209061,7.375042282487499,4.239977218080034,2.3948410610355255,59.35902632154567
6.977642760654961,85.42352485958607,90.68996415300941,8.804695555899452,1.0045128446526663,0.5708328233386215,100.0
2.2274544336880577,50.946575288194715,77.14089539867224,4.494585384583578,4.91084100933949,2.0881322679533483,62.11865902909366
9.576640125250885,82.32402632063783,93.61231871857869,6.179807371860212,4.652874693051465,0.8935759588510616,100.0
0.46979869081275716,84.71920271256684,60.20569645008929,9.799914006323547,2.6388339440662065,0.9865720342773453,57.84454690090901
7.980323435628932,94.04244099847998,71.42241760680345,4.900863080697162,3.0557285781882375,1.5444756348333109,100.0
7.972641933778356,93.26705388804015,35.8186565209637,9.866106041142334,4.884456503924356,1.8674385942072302,83.3606294750303
9.234112770888046,87.24397054468662,92.04386720764626,7.802662668660172,4.832571889739643,0.11276683327855797,100.0
1.1510275942999837,83.18280858004809,78.1734819646619,6.267598408618573,1.6512039076389633,1.400894867859661,74.05611981398553
2.525484378230638,66.29586795616778,45.55784738344363,4.567126683102766,0.3845006767530851,1.2126383752085945,59.327015837849714
7.4696539434325135,58.470349264894296,43.912765307685895,7.586410383048349,3.3904731810866346,0.5505713395878068,83.20668650885197
2.2536163458875103,56.8407083178838,67.15114716590863,7.794257657914505,4.6255327479901105,2.584083014778908,60.73188049493623
0.6688959837994191,89.84756036686508,69.86875332490726,9.856853173298857,3.9646783836108717,2.5821289624085546,63.36446456574566
1.2444792553695594,77.56973220125109,58.69434418053213,7.891661331959947,3.0122915012033804,1.6012370639916673,57.59513448371249
8.823562214298219,58.84096006301256,83.3096429274914,4.088522194905343,1.7409375972691228,0.8703554090712533,100.0
2.562949845153897,92.99829373380993,56.64088880085295,8.625280874270777,2.5872802488136726,1.8110340325826144,72.48769745599017
1.6998073914370548,79.4010216803697,87.0720008889491,5.3380332659830625,0.9762342789515882,0.6153593665778265,81.36196800100844
8.732932572181635,66.15878385085583,55.550222434734,7.500880277728407,1.2047221129435775,1.8823910057467677,96.04757756477204
8.701848839753453,93.54078020575491,44.35383523737477,6.468711466124297,3.3365688399939204,0.6038888991264514,96.64999573467014
3.737185799611015,65.73899701005219,70.82726133790908,7.3263235589337405,3.3408054943913177,0.5835626250919549,81.31983641066122
6.691566518758747,59.0917893056398,58.542775443256055,7.890433600472698,3.759310946225658,1.2230214526730347,80.65762483907986
5.70063342062883,86.14730318163241,66.37800814044434,9.319884062554706,2.8702261461862695,1.662868000273512,86.27566124957065
0.9788859275158612,77.44701112500286,82.31362655604555,6.20878703556099,1.1874980878172452,1.879468313498327,73.30840090276823
7.014166884722171,67.4064451854185,44.858391814311915,5.563024521968502,4.252224249345261,2.747686669615093,78.42349954354552
3.916583011328969,69.19320913822276,76.85664361854808,5.957577207086129,3.74303047950159,0.17602212466998735,78.66823720589888
1.4032806436116974,53.38175314076806,50.79422062698208,7.501151513067387,1.01449766301615,2.824941032193784,63.244613122039155
5.635726467464854,72.49059527903063,53.411277783060875,9.908469386741269,1.6272246467244722,2.1465637911898208,77.77538942116465
6.433851142261725,86.06517628044,86.69948099776545,7.982481059405028,3.6395411996629785,0.8680705040683498,100.0
8.532994968510533,57.21240118319745,46.8585851039002,8.072932554477699,0.5801915042187322,1.8628798111928966,94.74423258105536
6.085132901850009,67.03355751566482,84.76783973169384,8.60938819912988,0.43469726591088054,2.3339712836493134,100.0
5.100125909776451,58.344440602799764,43.95775193616176,4.356578246000795,3.848266896567028,1.2354549576171723,64.98961139209356
8.449356639963174,69.63539968339005,43.546989295573155,6.2336551808357745,4.675780538793901,1.8424257070621395,83.14152480231604
6.003172588370722,62.621921658220174,49.257371788492264,6.120753534918097,4.125607588826245,0.7496549873704027,78.36286393248074
0.6460999719234728,59.862357627992026,93.44717903964968,5.621471497582516,2.7989069785604785,0.6238137259058695,74.85671850565032
9.407021282759715,75.21772503912268,68.30645980288944,5.911669910450611,3.2537107184183167,0.07145781724590672,100.0
6.397327024714504,69.31250569566983,58.70687542461517,9.44997691195747,3.467618060890185,1.7213563668336735,81.55583728504101
3.4979934441987437,56.53558332153564,92.71875291461507,7.879252256274941,2.1559204786670834,0.2806185711590766,86.90664102528687
3.0502689760752286,78.9391232618083,64.60361863599732,9.704375559103937,1.0381210402823986,2.696505316731089,72.32160341451103
6.526596591814525,70.74061246259663,56.84194378520981,9.911390718323878,0.37779725402253217,2.878144096400767,89.17356302090393
0.20185288271529878,66.67996328409131,64.96309375325987,8.86271255769859,4.42909970248728,1.228947643514073,47.20980066304405
2.5212316580533223,81.41329388394442,78.24436566977585,4.558844465408066,1.6023361043781048,1.7193602917824826,76.97657634991376
9.455773238963669,79.85079243042951,43.10406654763597,4.710157071968853,2.9273749989224243,0.3118120015420345,93.3260326202776
7.285911704946723,95.35791846496946,45.49983913461691,9.91841877942095,3.414222946599928,0.7263529936133415,84.57825370766962
1.02265859958809,77.43540711293193,55.38240270886779,4.792349083922613,0.15354805400308813,1.963175520337333,58.986775771033194
6.422755855217756,60.96162926156278,63.24323246201398,7.524867629351878,0.2709491720224927,1.4816915797410732,96.19744743298973
1.1230438499326623,50.425138044821864,41.37737414587593,5.415405244808668,4.325075901285017,1.762413449978259,48.08594235433047
2.931961684997516,51.18078497636789,81.838364286739,4.13179897951284,2.8342992790211587,1.2947288368586465,71.79665479161054
2.842660078552556,66.03996753779202,57.496604399944076,7.071982903098713,2.9959317817363056,2.2165948152622836,68.62872013831104
2.061771465763953,93.10791046974632,53.047069668404674,7.86373524369729,3.7998213698089147,1.6764259978424456,65.46478579187713
3.396858517941239,98.35651295776911,88.71062894832087,6.584988043069396,2.782166389224392,0.4189641629636963,92.54199407265605
1.7856957711120458,76.61995308591678,44.33407255846192,6.899649683553234,1.5055446130954735,2.923257589583288,66.27490346500562
6.994246499761344,91.86432401221549,78.55591660444081,6.707029606667268,3.217245422026722,2.7944343084047985,100.0
8.92040221004476,53.63736308923827,88.39626126995527,4.717393208360465,0.6258425701290932,2.8213824160619105,100.0
5.722087917687659,76.43233266138435,64.63955731669597,8.375859661453958,3.358350546168353,2.79718864654305,89.99668180261013
9.491219946970052,88.31231452172383,39.45609174963006,4.246076283494519,2.718342822012408,2.1130296279787664,97.52279800332258
9.252470076569406,85.03409868897515,37.67497381353678,7.35166221891077,3.5934754196488976,0.9325651585888777,92.92088289235109
7.7682581967869835,57.25657167623616,56.30348459361014,7.416713967623149,4.213901286541958,0.5750207465312682,90.00268882223779
6.660743989518364,63.99514014753378,82.33425844909794,6.483126787379177,3.1945503571649776,0.9411898746498479,100.0
9.16001794927592,67.6851725566506,48.15180969164435,5.552073992796105,3.459336881570737,1.8246220878934123,89.42686990763241
8.163019056545672,81.08162133608866,79.3284600129409,8.46083362379045,1.563926592374838,1.2072297613115475,100.0
8.00887817746031,99.57516452112387,83.08862394117554,5.153159431764401,0.32999274794033695,2.296899406623914,100.0
8.864696511978703,97.35882327195408,72.28814723592777,8.134095123293795,4.278517804595542,0.47088757695307726,100.0
5.33278971106939,53.179288711278076,36.28339751681814,7.253246906912274,3.1978616967368727,1.404383620603741,68.10813090292253
0.5625684592987013,97.87255499623035,69.7262222321443,9.30394470273044,2.1516621883158606,0.2176094063299916,66.89924698772772
3.171707275998583,90.37009752550014,77.38370019635536,7.88147169657201,2.4664333689392404,0.939281333291749,85.67598874831887
6.4616362449027225,51.968967049024656,58.914648522722686,8.369202358882644,1.654149335188585,2.2730906366928663,87.16205345436266
4.458253211766445,63.318976004735894,91.88469503416366,9.85705907795237,3.65656439892849,0.055991437961166235,79.36956288442158
7.152867928302512,82.22592187471095,92.42521153570044,8.895164059665923,1.2862760278557006,0.4279633433648655,100.0
8.84539657378878,62.27992098490604,58.7929011690446,6.488070729422752,1.225291676374053,0.1265371730576038,100.0
1.6764724470148873,93.24572538898897,65.96147075672665,5.245493292711746,3.60974803842766,2.1674085760128055,69.68212687719256
1.5273223817135329,73.47521398308538,44.647348918226875,9.255053433969481,4.910166173718703,2.268955461573573,44.978596072762315
4.6115515383446635,92.9409030763923,49.493447536877824,5.342354444098761,1.5604039406759596,1.8720907624954402,79.75735918073418
7.027104272719965,73.08861609704739,54.46263218059278,6.649789688142481,4.008850599731969,2.987834888080143,90.57549212698825
7.445946017556579,60.194563641134465,37.97882429975693,6.666563427388107,2.521191028769426,0.09425246246536756,75.30931352457407
7.254456816365296,52.223522703724946,48.620962069230984,8.315770384364876,0.20382642857381228,0.9075655542912413,84.99255334384037
2.144102653673041,89.96588541272413,85.97117984739755,5.868679542939718,1.0272898969237358,0.260446180269187,80.62988590169164
4.5381152439301875,58.00513995243452,54.96168178618707,7.292755091152012,1.367931076252168,1.4450361496862527,77.98120661855612
4.429628717411573,96.38008658008755,56.132038670733934,5.500519879765736,2.7677536392541158,2.2345684833591672,83.73295306624452
8.80660557805734,99.41445495793813,62.41097957443969,5.434964882980263,0.2634762187690287,0.2164455515229804,100.0
0.5264218511475927,86.87028730791675,52.22328113243684,8.599063959015364,1.097449066248382,0.2682078480401082,60.279528667846236
3.864479296985598,73.74122683930862,54.06851342164407,4.2864488517826205,4.253001324117668,0.9141415201235622,67.15264072756794
7.281296235935043,68.60858170948828,79.69371574956018,7.328268066134735,0.9415380308534632,0.03847917064471251,100.0
1.1361802965581802,79.81310334567362,52.09448493980978,4.154424019693939,4.832711733020597,2.2043134091943455,55.4032466481337
8.382958043034481,71.98025616855477,56.25079082069327,5.298620220175206,1.809570465399089,1.298245748517262,92.75241918917116
0.6152566306128271,58.53839432802533,89.66815019113304,4.225690598186603,4.246335991682413,0.6226371286286703,65.93080686192648
9.674504203252464,64.74011422741539,30.68382183492403,6.800140765872326,1.2767656183828469,1.3726783156461495,90.02085444733879
6.757793576826651,79.46824415203523,50.475388260412345,7.5657301375613155,1.5870810523111318,2.759131022717968,86.07101656613722
2.2165095224257527,76.62316438760028,30.87305217445934,6.946648186403474,4.617439877969802,0.5389806991502155,45.16229559196979
4.573191474544235,86.53627687862635,34.29721297463628,9.58920536115905,1.3803708581268537,2.3495101416973716,70.90992231566321
9.558087206468466,57.0312195057235,58.55273541685399,6.726868306456512,3.2083322290493976,1.1810603001719313,100.0
2.446404448382639,65.6588161707584,32.104787006808735,5.385192391623172,2.1864378803828224,2.807602005623089,53.548855956560104
8.109518602775553,95.00428913284966,70.5115687938385,9.661778522696626,1.1683581888387677,1.7606780509231243,100.0
2.3038372581016056,71.00409914138324,69.58366587815573,9.989035001294148,4.59299083880235,0.23141319321444842,63.35238019370983
0.29998129464197776,82.41944869719832,49.63052047322249,4.943649489026786,4.740410352762507,0.04748610499247985,42.58258722228991
4.555269986289748,67.01921092090109,48.12788768306206,9.317704399202746,1.0449919549512754,1.4965346289613455,67.56517531166182
5.439590810219425,71.0294738549936,54.57635973360138,5.000663852735556,1.041033178392174,2.6867274167397874,84.54779755393912
9.720539777114286,80.46144191095664,47.177807967216864,5.358488174794319,3.2703158158061783,2.393062222759723,98.87515430989751
0.07706979632713051,79.2120313814931,85.23234532664804,5.194520683986184,4.245570997489375,0.09362845049616364,67.35663572085171
9.61695001921024,79.66166846446967,94.41106159822296,5.184295192501838,4.543606683516809,1.237559088407813,100.0
9.068035149880702,58.996353255169005,61.47615209503341,5.837796043158694,1.1249076139928793,1.1517925213491718,98.29686193582732
9.556138604053,60.716639621623365,35.23565459071376,7.140737159624562,0.5983922702161787,1.1769376044689985,92.98475789316323
1.1473636353236338,59.115657210516844,59.42704771324638,6.442989214071096,0.07019627304711062,0.44898250751977353,66.21711632628711
1.9258352086940167,88.29219033607924,32.74025442783949,4.236683882249385,2.20257052868748,0.5950727902862969,47.75658138055277
2.1800599939540866,59.3644778968477,50.923661453997525,7.4108048052669355,4.007927616551074,0.8110277673480685,52.33982387223362
8.993991061219205,85.99498585346353,61.82128540316788,6.51952905689756,3.2421440924929983,2.7612581209837903,100.0
2.158410808146817,87.821452611179,88.18621073950663,7.9340204868466815,2.484858233451929,0.6053069897345561,80.95199115556942
6.016664236453691,66.91799857619236,39.887073207448125,9.29462141526291,2.4482577722986316,1.4844729844129754,76.43075830212018
9.776976900519465,50.88000655344109,78.78473578899823,6.505285300912542,3.6395509381749926,2.447635546766446,100.0
2.6938505159993706,93.9603109030968,35.60027730117301,5.207617994534476,2.3034699780223704,0.00865394479730186,52.936119494744645
6.020808449902029,89.8617484729635,94.93931244801438,8.147344349856194,2.760683749538692,1.3690043768248823,100.0
8.607018317708773,79.94468141761394,77.17687977565166,8.747668682338892,3.5685498757838103,1.9099582907217632,100.0
5.781488582201652,51.55450211469721,80.61137784159217,5.748621046498117,0.400433953410424,0.5508560788850966,88.74136978664203
1.4095296470596885,65.39457765467533,78.30240205897931,6.939973186338031,3.148256361476288,0.3539161600605404,70.66261492208103
8.085524022868182,63.82925210046129,31.385296165610153,8.985528677709338,0.8923932583893757,0.8657840182581793,84.7268530216092
4.914796750275817,55.70824818964408,38.728869876689366,6.964814290911457,4.184951707339264,1.3096554568249994,66.47620009850479
2.28290259188612,83.18233989382752,73.10097528504598,4.830329261552829,0.7330316443151846,1.492792455402748,74.4803414227778
4.0766991429775725,63.33357028761735,51.309895154739664,4.579633904014695,3.7432323779123164,0.10469453472494894,58.72151104554623
3.5515388200202413,53.24621507418456,36.884943467928835,6.854951063491963,0.5486113441048152,1.6933181769564403,61.275932132883455
5.57213938810953,72.7348437256623,93.94497987234769,6.628611341849627,4.027212594747766,2.4831667288696457,100.0
7.5550622533144836,87.0364902910327,49.221361985535644,7.740230332373165,4.481913005435679,0.09767045843770517,86.61174954655615
2.6365503787634514,78.75702565481411,45.36556018281924,8.401393559065918,4.067008563912139,2.437951495044144,57.38261179746725
9.404593178416361,75.19836264276985,58.85753432548651,5.827608428457833,1.221426571945659,2.80500885921015,100.0
9.2909629115847,69.5692894790849,76.43216767623147,9.854621049322574,3.885274248750543,1.9102503379335423,100.0
7.092363231177608,84.81886841014996,87.07988298700383,6.745323931855773,1.1890581677255945,1.3113456529076464,100.0
3.3537076598143436,80.80616073981136,40.730963591919746,8.782608807832997,1.0597472545390003,0.9695682973940024,62.489498356320034
6.1435525923597805,73.41885166914516,73.82048949077794,5.357025881244141,3.816647659024131,1.1972114936061433,89.67043327065824
8.9740392571972,59.43134537175622,59.89382856284186,7.6675315549152305,4.410697560439248,0.4865818639816263,88.97455136348881
2.886202357787976,75.56075536473483,76.41959919178575,4.675685636838237,2.0631573596213455,0.7625238520561092,71.67338116720094
9.01997650752817,53.073634861598975,61.51273999075711,5.152241042497541,4.565483300231932,1.463624103393009,88.17982055213247
9.399409647161347,81.54154156303173,64.37092122046265,9.325386135192057,0.9569682734967422,1.9940022243168156,100.0
9.83636691574943,80.54495448960151,61.55809315864827,5.5373431401246505,0.06959914716035243,1.9261224825276075,100.0
7.549365002740831,67.26865102046203,45.48185435845579,6.3390611729597435,2.5887827122431224,0.005344233217247751,87.40193976971338
1.7277424503984418,71.50386437648838,85.08743825633164,5.548546827928876,0.5771603152576271,0.766457577802545,82.28758239321151
9.35540829756377,62.04642991941034,71.78451263857568,5.550849765305439,0.3312335632671648,2.2742167218267104,100.0
9.780552131755195,68.34615386217268,31.140650561079966,6.662378495293255,0.40611405544646595,1.9967469143216503,99.225629820216
4.5379832057430205,80.56509185746444,80.85069072793394,9.67266684652143,4.439331453233176,1.2509798779543368,86.56848546366393
8.208102110080247,96.61207798741663,76.18808505480357,9.86368403731662,2.5217131227606178,0.8892697837710087,100.0
9.231475677458363,97.64636420622836,88.46162073515883,8.651241282323234,0.6382095163452128,0.03121691088143741,100.0
8.110102527140526,80.35633402608858,36.84785390929599,7.006606288643842,2.759547951554678,0.49295855582406256,86.26509565976366
8.772853831683205,77.30102162386129,40.64980403115584,5.7391743928020755,1.0166160435378253,1.373452506548721,96.74996869010606
7.727522001190241,98.33866567862755,63.193455481429574,7.099740781745872,1.65337562203075,2.8168077890638794,100.0
3.263545811163521,88.8393404393649,88.49972808424897,7.253078109225435,1.462763152672442,0.42241181998633315,92.19510950237158
1.8347156239454454,60.61229896871781,76.69563574538496,6.811676109051543,1.718984636161971,1.0022003150271492,73.24720230192816
9.965407031538563,96.02441542779334,47.9641740807769,5.7722101355995505,0.33690678265464846,0.8235577137442279,100.0
3.4830731928325855,50.74240813450046,72.3518223119242,7.521165826317219,3.504780288477503,1.9573117714725439,74.81804108124331
7.427956145885943,57.84549617974869,39.861205624004235,8.736681911269496,3.5018093742568386,2.8231631183157546,74.68684238087363
5.450064926688402,69.33393991328059,62.591803131639914,7.712003909986162,2.622067583237857,1.4541058264113924,88.45782600651809
4.279296606736049,59.352370389242814,50.91131006135505,8.378506998191783,1.9147433429081855,2.804052585960189,69.62924804164552
1.0783285096448103,71.58739256550544,93.15671885071758,7.671810502869386,4.803245274736331,1.343022121483822,74.76765532043636
9.303927844577768,98.03463578247579,36.745529352623166,7.3392125009452425,3.4736068354746372,0.6271871812728278,92.74891630230424
3.3917056995476558,65.99558174284267,56.264327012779056,9.69581958009923,4.364928949876541,2.6336382341049234,64.1305540280718
3.4250863495654826,80.28889595776813,62.794071341584626,4.359132970435954,0.5272144393273398,2.8340022297051424,78.01121644177495
8.212079317961301,52.81679899535463,34.67957835470599,7.100365808328513,0.9366702544395711,0.8980246433426845,85.42606753196532
1.3213637270168754,91.58414020510008,56.8428968716661,8.680355985695321,4.360384452713917,0.8945067695589948,58.582529647779715
2.0183639705345566,60.37924596813839,46.29801818331,6.712696142557065,3.3726653699118563,1.4576985727405471,53.00252444271662
5.062627521873705,96.38566576518365,81.91141846821189,8.57114974086824,4.629845597459511,0.4398858383430041,87.54911282728452
7.279140718716826,68.33009434160142,38.6818388275325,7.303082919734548,2.1262863383147645,0.6720758941821544,85.53711948832719
6.206654198995647,57.95450960332118,88.895197303179,9.742506752488124,1.3370600165433637,2.763521170940164,96.59455599633682
2.9843999895997375,59.101251007877174,56.77246276979662,5.508805663658538,0.7512252965930682,1.1718940037356271,67.69280825786213
6.848479782140747,73.6048478440004,42.957514730490416,8.196477307698572,1.0434341366218913,0.838982775287283,83.97317607789462
8.321278101323847,59.06252441936125,59.39617605992047,8.746623184834503,3.157530203578247,1.519363190469829,89.49278039109532
5.530669778088088,67.14659644792181,71.21388464662931,8.166346422016474,2.516480516632749,1.5723653036464702,92.30686209484816
3.74977116290383,91.18929939625303,30.440989244084044,6.462681621233652,1.9768100094651402,0.536726382105558,68.69462580348818
4.862145974239,56.78094582702469,82.46643526866688,5.217547148716912,4.174067884869173,0.9257623546006951,79.39004035632028
5.543716753030241,84.14143961804852,77.88825227608612,5.303941675257221,4.932372056170065,2.6867214027424655,86.88798743536034
3.8868745791773316,50.38416739102529,68.64516340609907,8.98728753969226,0.31481741859952506,1.032631332761876,78.05110795920896
6.523813045210329,65.63580642173649,70.2872676488379,9.948016479519278,4.553295539305193,0.6965879744105427,82.43730286262338
4.62661080725561,53.72016107075232,79.90444482444713,9.508487986877144,3.540866299493419,0.7629651419153641,80.74067931592744
2.4401846383244816,66.09699658114566,66.9421973872845,7.048277835844017,1.1882995334310664,0.7930187846081123,76.41807225338584
9.464968143528461,74.23111172972668,65.23533249996382,4.839350548483228,0.8770630688295356,0.424436444420464,100.0
4.874614993168935,91.11473026595118,67.06969966171525,4.882117276740521,2.167219178984328,0.0003156985090989606,82.4381356800673
7.233691311352973,87.92347396185512,79.92272689868793,4.436028370484688,2.47488796263023,2.996007800558476,100.0
4.054430974148229,97.43922673477148,90.93745008949902,4.4608505707874055,2.1170849108316454,0.5370938677651262,96.69412142031163
0.28947560528220784,51.22925373592888,72.72361191722668,5.728097753886388,1.1772223710346286,0.3182101334969558,59.631334183226436
3.652010815549537,76.62622653517309,33.368809443664404,4.490830394180501,1.467771756409716,0.8546895608619525,56.70189344854576
9.640810882280922,70.14356417782685,52.064501325070204,6.922656152275088,2.8655655075664366,0.17333288475477415,100.0
6.800882229553161,80.19632852823666,68.43421463605978,9.412073428367862,1.841406413170582,1.7514039694250547,94.75334151211167
0.4763209562288029,65.07275248422091,56.89798106565578,8.376823704108151,3.787990407440743,1.9230898313704357,51.497890364184755
9.17202603136017,88.68618786907209,91.43333317069647,4.66449938723721,3.2034579113198363,0.023875233696118325,100.0
8.383807434601886,99.80263882871586,81.9098110507678,8.080213264066032,1.055377347210726,1.849539750624512,100.0
3.50060959360881,88.4103740828019,30.431289576532436,8.48545874130399,3.1093224274591584,2.661892365437357,61.58910222191721
5.444915130538702,64.76582846162493,64.69296975176995,8.372945851559152,1.145669438319722,0.7547368179061343,82.0577149683052
3.477787543368059,63.37655731859511,58.91235549922966,8.609618971521167,3.7259618036017637,0.5662765030673277,63.58467109713117
0.7562301546086381,58.502807330527595,67.68614479005456,8.624876280442969,0.25423568128663643,1.63047375394042,67.53539258058294
6.057253358448196,78.47119217085586,55.053308641750704,6.868108287817026,3.8073455108896304,0.6877171425332854,82.41269448373745
7.79580256403185,81.03949836122568,86.14427364012123,9.597521184203039,2.8755962256709204,2.425064681182614,100.0
7.776279842218735,65.79945004398245,86.53161866634241,5.136170371669728,4.945110190817827,1.950776883761265,100.0
5.31644097660852,87.34100160179611,60.63538238483967,8.980472089930869,0.8893255112204884,0.5780063987764856,86.42784826582012
8.395960913987189,91.83607470918191,87.49793572602643,4.289106865179132,2.6455683444271454,2.0268439073500906,100.0
1.932482267959763,81.13608916965667,32.88582598895039,7.875467750904409,2.3153978263546,0.6333757874920233,52.36270552871818
0.7903076303109291,99.32065497660157,51.23486771211304,6.53300237357693,0.7952060012860046,1.4042915177181863,63.68614141636327
1.9697153604553341,60.54833118988812,59.07556085890335,5.650514687821017,2.250934198648613,1.1816929440691888,62.32590537838325
4.786976379427145,62.298427416196375,53.292241681432245,5.23074158686353,2.2019052144568363,2.4325623928723403,70.78746573096844
0.49526794356022696,85.07611278798905,86.89390365235448,7.807329445068931,2.087491152842918,1.470628978647764,73.64255654943436
3.48392052381815,62.631977820172786,64.29443266940447,4.549765704111828,4.597265960423894,2.7987382650845967,73.08679264635636
3.8811941654996938,95.20391171265359,90.65655850611682,9.720272790971668,2.782492209008618,2.9438312563098337,95.38067962452837
1.280886770832731,82.28644183551627,54.5258907548002,7.945701273568641,4.254993088596478,0.1062370755620391,56.315558011166154
6.613283880210297,81.85443663453013,69.5433920053909,6.150485988208424,2.527846009570563,0.13154763115260226,95.33035465402261
6.652048871684442,55.56475806055785,74.07336253986165,5.539951182909705,3.71476282302732,0.8267001635962767,84.57958326945861
8.84152588548465,66.72721147993934,51.49406554673391,4.660084742184874,3.1610508042939838,1.4093593359410943,90.10761864528429
0.8519851129050993,79.48946599061796,56.3740313567991,9.603159977835844,3.9204343947308793,0.5166373855221005,53.771392856522894
5.110239877742816,59.963225141742804,69.98409819665167,7.766485018410664,0.8011698117469623,1.8256525969241082,91.32538461276509
0.3019423828333889,76.22003140412201,92.01037437816777,9.816017941589148,0.6979706500786287,0.11719130904610253,74.104910777479
2.2432454306223057,68.42756046612134,90.46893554945615,5.326228933622144,0.22591335783056332,2.494790384746612,88.05665320158198
0.004329166269032569,81.44931693280886,51.33134053651774,7.893204883776252,2.788404187294154,2.3854082192627675,55.650946748379326
6.358288504698084,71.23191280430063,45.429825895917475,5.149104989009189,3.1731639934987967,2.3956824635518528,76.4447068627623
5.4219344083733745,67.13092075391555,78.70150168559684,7.973510955163787,3.397368842226796,2.6726398783320024,90.09487289483053
7.232119353731774,64.76185738387001,86.83056980742751,7.2645054083855225,4.898922392062807,2.823275614012486,100.0
9.361641468486562,68.2814378151786,79.8374146976554,4.678303689183033,4.605063743752741,1.5904445601771955,100.0
9.785227422143867,64.113932946697,52.49853959572757,9.398825033096234,4.292662139730653,2.1813256914876185,96.24104787253333
0.03554010312968203,74.70769216201342,74.3632180541068,5.232311304343712,3.3411650439540335,2.7635145809295776,63.46858733243397
9.991226271049925,62.56195369897101,80.8211070403542,8.6873734016856,1.2470579788462755,0.6409258967944729,100.0
1.2414159851395135,81.75634743473002,87.00707585679035,5.001964201935074,4.835464477926966,0.5141022505269098,66.38140729723867
9.25272742148794,50.4219429789669,37.82124064866939,7.139864715503,0.9714587853080997,0.4344905461705725,87.08629595733791
7.847549036156392,63.52331445902645,52.186883129707994,8.469782676485014,3.7330018418866056,0.9003085729974983,87.01692672502726
4.01036486839927,87.65806833880107,50.886197887955774,6.547206842555962,0.25561646864712295,2.0680757486119408,78.79032477635194
7.253335350503379,73.28470369108449,35.8359352449586,5.091488467958465,2.7005995075853906,0.38736330507030514,72.89334358203634
0.7017660261407599,65.33700586470268,40.94917711878485,8.892795591273638,4.072685020641659,1.1241681830648822,42.05650985319044
8.539379937965993,82.8051067746942,80.49346724876581,9.188354404408084,0.4268793205481819,1.561957999587984,100.0
2.857135013919158,52.841245433067876,37.79025654107336,5.050780501587819,3.172685825513715,2.6514827012035433,54.2845792151887
7.8141973844054,51.66696362730259,33.316874508307414,7.778585633960374,2.95818965958275,1.2751178533053524,77.19530075595367
3.504179823390221,76.16282179153694,31.01598208762882,9.334416923565115,1.8727810314577247,2.148025470524053,58.38615876920437
7.228001442333176,64.84665472235211,40.694574025170766,6.706421066378658,1.3859072221682918,0.61410999028651,82.96321071392929
8.585234744226709,80.307543681306,76.79982318318226,7.872455970053151,2.6704454465839094,0.2194840785697516,100.0
9.980434474764147,84.17997331214171,32.17129255902365,9.893266942190293,3.328281826120936,0.421325815135731,89.4293504995919
0.15604905616437015,63.057980925503074,82.07198918905114,8.036665826134538,4.036622381349336,0.5156343957535958,65.44470075733032
4.575679348892297,61.530607035840106,78.18948235060931,5.454687571761755,0.5920375599082106,2.8401834489657807,91.0928980366049
5.3125810565304485,53.58912307390344,71.89572084153724,4.9365389422166865,0.3846901117179774,1.51048416154618,91.26041280080447
3.3345008744162206,53.12914420781368,85.76891721024265,4.073649773601391,1.371094415865068,1.3201601133639465,83.40692615418806
6.7076663917258825,83.42547737475053,82.33239692579866,7.008383210452642,1.5955972285101327,1.9375262015209214,100.0
1.7700450794565392,96.35650300775214,79.30850256476143,7.890154702418347,4.527568827190872,2.2655397730119535,73.1899248455116
3.986842513219795,75.09408996949719,71.96484370775337,5.328968430801761,4.7295843017616015,2.3175872924756753,75.36524361646822
8.034760349754142,65.87820424167057,38.831693255081404,7.243068370137793,4.511193726243901,0.0082379499627937,80.20536278368286
3.5526996020393673,85.23285037718482,52.95176205432655,5.6757709583409675,0.7022320494884532,2.9360675596020296,73.29509503557236
0.81210235330608,96.3029284578509,43.97463946109129,5.958643169521242,0.6520705667295096,2.6828197161904863,64.72462196568577
4.171428476114086,82.74285234967917,41.535379661840764,4.379713991780814,2.976005190999972,1.7129877908274582,65.53630367445554
7.296845160993286,91.20260107780976,62.76150890641838,5.3675605852309465,0.16227124640868618,2.9042827436296488,100.0
9.10732738658131,52.016029184922935,75.76755556432371,4.990135972175489,3.54695574286919,1.318781688603699,96.20204174603793
5.772182618575884,67.39518011189313,69.10048504306246,5.82052734414034,3.845589869051787,1.0662530262914958,80.59041729093957
5.52659832127354,65.93127388758877,39.16722176270453,6.147044189442651,0.3303792972966252,0.14711240085808253,77.61602040002722
7.40659151356791,65.61986217218855,56.07845876628218,7.562895278884854,2.321822354514686,2.6006501804212037,96.99359185749363
1.739755698020492,98.44329217920051,90.84017028673563,5.073552470664187,3.070622274766646,0.4105744082066013,82.92126117463567
6.11211940931207,93.02120649317385,38.0923568085593,6.052025434805668,3.6871820015821095,0.8465330028578196,75.28066391898193
7.653991221808646,99.34577035941041,80.86783986657062,8.07770847129661,2.500538110858389,1.6208726298735454,100.0
9.309883674383219,77.05011938011734,75.7103781839989,8.043884538330872,3.4410993707608686,0.2091080120393466,100.0
5.8692613652591525,85.87160992188024,44.91845389547963,8.268869248013239,2.3237604062066604,0.033752717397877996,81.0143255549118
0.05713592820114188,85.50062750243559,37.61127847668709,4.548996128078142,0.5010045771939337,1.7161648221915886,49.89590357612285
6.26294405227044,57.679970228425766,84.88419719791028,7.846768978368663,4.9374895266239145,2.6818346448415795,91.20703130741376
4.539634943266487,63.771764197734214,69.31833544258996,5.556660159762401,0.09093734929662034,1.4420892157031435,82.97725063487255
4.20924469482123,57.987486803441726,37.820475214741336,6.601711565463432,2.437825059070264,2.1737223241313997,64.29647759293685
1.220456392747763,57.290462964248604,92.27645585183397,6.5706063217653385,4.125904932606356,1.3084740466147016,73.20275917418317
4.322437608275504,50.368675517708986,56.28362154924636,4.1468524619999005,0.7645461168291312,0.7097415703782924,65.91070642284075
4.851838926636718,70.17846965542068,85.06361947650083,7.364918374289506,0.48442817323646026,2.898934615100269,100.0
4.219461613965192,53.546903051912885,56.45931585676551,6.077516262639044,2.0872078931349125,1.0017834637937395,69.04920894388164
6.683588172419407,54.30665189640091,55.69972328683042,6.035155544967714,2.766437378098389,1.7187071660949682,79.32624364867162
9.523872955457998,86.36882168744127,90.38741213598075,8.088583088092573,0.7014646990364481,2.3716727288784494,100.0
7.30979883815656,73.29038410996824,61.02506260034171,7.721217707948213,2.659999499377672,0.42707747356161363,89.13603732136988
2.7512269776531872,61.581547460758095,88.46496302251994,7.07205861744315,4.407590643168489,2.374374606737132,76.69966444527093
7.179907507665906,99.57793605543321,86.13144541058233,6.9339509832049036,2.0118391373841753,0.3529834714800171,100.0
2.667040061277665,64.55544125998698,35.63890075710725,7.430945096023625,4.869303227711292,2.4095321870903383,50.791158376153454
9.119291250960067,86.81344677699568,52.75809671726787,6.1070254909200035,0.4434612068630728,2.9554251508431966,100.0
3.809724577538752,88.8613540329919,94.93768768106462,9.972387644504625,2.854074947629245,2.0990327877661468,95.34943791191813
1.6855766789809268,92.78010123460277,89.60289867073172,5.8963238360679,3.997287197956034,2.3924037183113693,85.01045497105288
9.400653965947916,79.51149976350828,91.49395619387107,8.348236749986276,4.135616167390478,0.39583752238618286,100.0
8.667875863873473,56.87998112799594,70.49347578862998,8.555529325490806,3.7372350919784516,2.139384087415087,94.83967011468043
7.594651764019108,57.26687154567022,44.86675151600074,9.8397697335427,4.589413770833626,2.4068620106793754,79.33574036872842
8.984042647123928,95.18936543962421,42.69944079077166,9.732116462406331,3.6589078950301337,2.9385077359936593,95.73233363277816
8.547025147812738,53.62154575995433,35.54434025935058,9.886427951332832,4.091387341627839,2.521936070241911,73.19477077287712
9.129156576455593,73.49394572018484,52.63425862051071,8.09798255029288,4.803376086023963,1.1252932653450256,88.72534391918722
3.624742302978871,58.5498136012898,37.730453484327796,9.010440679100322,0.3130776809780028,1.430071901046742,60.48318994577052
8.978016085180048,84.17961756408553,48.07774806491096,7.491478323659733,4.12000408481013,0.31878078623327255,88.23144826644342
5.970905655077567,50.54035194727169,47.66327500602685,4.396169966323904,2.593953934236633,2.9364458515758596,74.2702166816297
4.33511691278777,76.44799150167799,60.142010184387956,4.522384951330666,3.579511694573947,0.9696289496295547,72.85234771852761
8.598068781442432,51.455723266866066,33.89437837700644,6.740367974847905,1.5295083534407994,0.9040230390432765,80.46752049095811
0.47210852582681206,52.993330935630226,33.62024228240532,5.726381161358052,2.781602407172636,2.9702903535096365,38.67961002070958
6.823693585874889,53.5720713474286,73.82333578187622,9.673289422928939,1.212556295446892,1.9582020295487546,95.1005268623448
5.331407825203092,56.017965416263976,50.77555230108295,9.597450192958458,3.7291732213868487,0.0858454087878977,63.24994302584601
3.8832719647835856,52.08271163799173,32.053812826319046,8.856063026185303,0.20673480355175855,1.223095297743565,58.345643185050506
6.869307018142803,81.91780871959178,57.94756202961855,4.808818382112365,2.6264686832363457,1.6032025187650765,92.52862689136467
3.3135300105411014,99.06927623170807,75.45082365959894,6.655552555465597,2.4484184137391685,1.3888773637106855,82.74038438814627
7.691127576083114,66.84651966677043,91.47137108946208,4.561216143395384,3.515416953007372,2.8782043476471975,100.0
6.911765516393345,66.92164208457524,51.39816994286868,9.869899916590496,3.4346261895793844,1.3706657626406948,82.95634670403729
5.920376732163434,82.3404955100552,36.95901513659294,4.842399414199804,0.985015412473213,2.601710976573663,73.82875208333616
0.6735806513980624,99.66874564983632,68.95568158353316,4.196838313933355,2.3213936466260243,0.15265567591247653,58.80598806647596
9.027409233191072,88.3940656611666,36.07107550537829,7.604365778673332,0.8377179107675076,1.1306850903826535,99.42588471006788
6.553286489169411,79.81334747460208,35.19935323038138,4.693672473978781,1.2900651739771578,0.16929238229123955,75.56043900107387
4.131711923994734,51.52042593478073,83.51937848350904,9.868079720940003,1.5083810035060656,2.576806437673234,85.05858607750099
6.611117820228268,58.71462640288762,86.2870075221968,4.221587216410411,1.0027832444112446,1.5529868957532598,100.0
2.5173982077838652,57.43461473456799,72.54123773569677,7.269944886535758,2.915076923548443,2.3866524957423025,70.29714374518107
0.3611566508965236,91.47359731261099,90.94189773139544,8.86721833823794,1.0996660047793172,0.07699232137632395,80.08286520077007
7.033025632284749,57.70646500734786,76.964832734122,5.58471969750638,3.415680742470024,0.5004088982377795,89.9427272754328
5.5319221091451745,83.88286029719269,70.3353798507585,8.04123700867095,2.190001948844138,2.8544219557257207,96.59053724359298
5.584335066498227,80.07778141763765,90.2112888768739,9.68053534384238,0.8395539302151656,0.015844905896250427,100.0
6.263916305512311,85.88733391988724,78.24640145844472,9.522558372469359,1.918811253298622,2.8547494668664752,100.0
9.742562372253959,97.51015637166019,44.350390393951095,4.691341127975539,4.731826206170396,2.423878702826538,98.18922626101127
1.4188082274239489,84.906931043408,49.74989761749231,8.306614101843355,4.9434996774094655,0.8699712834848247,49.95015856616114
0.42841448780251423,72.2668636268598,42.74462698960846,8.214663769111224,3.5555728142965934,2.925803530059402,50.62816348111053
4.123509151483128,74.76870065933649,42.465546710540025,7.189895802881956,2.657678309141767,1.2222028743109163,64.28167483288303
7.23709128891857,95.66531645423196,48.32738305641628,7.203953112502154,0.17881566193748255,0.11725814125082057,91.80309230422695
4.463364215250483,61.71053588835129,82.00048076982017,9.007325810720669,2.7790775457060004,1.634172574523139,83.19629055453908
0.18225618087591933,54.31072564641905,89.06157253142251,4.34216614818488,4.667725621363006,1.6331643812035164,58.04672779517429
7.608211653860961,61.82235172141193,82.2616455218176,9.72531854351674,3.685616047698697,2.1430643773396794,96.17588240871576
5.3054089289881015,82.1668787108679,64.21420344682417,9.130612625896074,2.57052712181792,2.2867972002760344,86.54709201120583
3.6733581003912974,85.13750564872271,47.933885980959865,8.185595787534165,2.8583850132985504,1.2296906890083041,73.94757027316201
6.97557965395697,51.10422562212861,88.50221052341638,8.563534141525956,3.8507974691400877,1.1954670132833232,92.89608571663233
9.723342791828331,56.27625425208764,47.69774041915602,9.121802175768412,2.385960192479902,2.0087832378071773,98.582095089983
0.7013084238947065,64.30863310045807,73.46017459719997,4.7370242103323195,2.3846433382855188,2.3982743313387815,63.33139196727979
1.76439123292912,94.28385505549106,57.35260787095491,6.784994599136203,4.763223408057159,2.4921182964763267,64.76479656531673
6.960204438417779,77.75976786358902,87.74513354301816,7.818882695268651,4.914549528064387,2.5628593274388836,100.0
6.818279059653664,86.60493693165296,58.46693956046036,9.91591510218244,0.14091278667971385,1.2025777535706057,91.3273785642351
7.558890299799281,54.95425568959003,67.96558427886674,8.471615629666385,0.5317525438884202,1.4138634842756943,99.9489875928856
0.7623316964679483,65.00219817591636,93.27034121164071,6.4745811966869,1.762686795029641,1.128879505007959,73.76736863036652
7.623728687684493,77.53181429597824,49.11658992088625,5.044098141260919,0.5858495276445008,1.9407570606694395,96.6457416642255
6.830885538607774,67.86897238792358,55.65433035499022,7.856812015900965,4.155273116353017,0.7789009407074428,85.01150435380004
8.824412827188407,55.47941383961568,61.93955404732537,5.799995251622042,0.7198529968651413,2.153450131245648,97.09835122277212
2.5190435399912445,61.61161506471295,53.66285441608014,7.332775663107173,4.418631801913452,2.2162988565137858,59.637555305054846
6.55707002387971,77.89052566469684,48.33087199157666,5.902607309887016,3.8126399606684247,2.737701661389877,79.28613035432842
7.946079068788964,64.97018352650801,31.92489985715459,5.175985559699656,2.028428537152323,2.699729957654257,81.40491431839597
3.7218461464067296,92.5105051737647,45.341908731180546,9.95102599021039,0.9894727839789058,2.095496365665223,66.69196533486164
9.155279968403619,71.67551769772012,68.68211012916544,7.323675359559451,0.6188418685509001,2.0800632987696783,100.0
8.365873963110849,76.13358133538668,78.36167308282572,9.160804887214153,1.5203737750622586,1.084952998480179,100.0
4.851869920684953,58.10961824191621,51.45250745810341,7.56826305884297,4.76847193700366,0.2374947282025246,65.26055547864026
6.43529324046776,87.36574723490344,50.512009614549996,7.519568988785193,4.375095202074869,1.4064389212037045,80.24172678728866
9.922118622156914,58.255480364191286,88.34655229883083,4.053773968754918,3.733906177052082,1.1063627091116333,100.0
9.647523247628277,86.24319629717836,77.66635823332427,7.801040498461728,1.5826559221404157,1.7060826504960018,100.0
9.268673218829983,52.86537016225507,82.94984886777777,4.62910788194781,4.789051180054703,2.6357182592755986,100.0
2.075590240549933,88.15173419565693,74.65123417673601,4.009601448422434,1.3294075768728786,2.740007228501129,80.98797028813749
9.880655916856725,57.79018606697893,60.15911196339749,9.848838968724841,1.286101918802181,0.9620361167971733,100.0
2.1061794590487057,95.67869660796822,39.099785568731875,5.780369694194498,4.952804414101455,2.987407897746941,58.28526627998779
5.120268161872021,58.946241841667295,44.36216505447151,9.352346105364921,4.932773199787261,2.0291372577808797,62.2266909422909
8.096352724907229,86.54609163364529,64.82823228537126,9.343979603469347,3.517799004074903,1.8853415625041952,92.3371685381857
7.221736913277135,56.45827172002339,34.41291543267068,5.955012459245351,2.1496082586127567,0.6116870071848195,70.20822436139528
0.7599673548822794,75.40918721199412,61.968269716163675,6.755552995127414,3.406570914430349,0.5052831926514864,59.780086507769816
9.432085370025666,54.62416160884818,33.40945237050414,4.615580062226504,0.023011883133328137,0.7410572936376598,91.89066109249607
4.183274012375877,96.95801940764683,40.069543309643805,6.752188668181632,2.847511038647826,0.42649381075941795,68.79656694005678
4.239433184755683,50.088642079172104,47.373692949683914,8.486598974375365,4.146233820288815,0.8857878955715005,57.10276779583247
4.247277368707845,70.35341141830443,30.12277976287887,9.303539597519917,4.282361784140114,1.4459439965097718,53.48850765951069
0.9968079299057053,93.72151076682059,53.72600723486897,5.069446750666755,1.8543321601163427,2.10708268159969,64.66828896877863
4.084619888304964,87.22442478974,78.18874551095965,8.169131971521068,0.09058567535924322,1.1141208328491836,96.21709411953707
1.5341052510384001,82.15979843667014,86.49834524840395,7.806153903652758,1.848662094515758,2.100498205595961,84.7625979963016
3.840991732157156,92.64976389014595,81.94631864534242,9.792033748522098,0.8436562019124794,0.9691091575770512,86.87333016836314
0.21405072155592286,55.650895012895454,36.460373763244235,8.120007468659235,4.580655031173984,1.0172628706987448,38.40925382113353
2.3137361428097747,54.073026229733124,68.62939144995896,5.000722099363713,2.9653406866369956,0.9354294248915219,63.619237113422955
9.451952561232316,68.1909211182487,72.8073822929818,5.851224234844403,0.7099145411002644,0.38090650545959437,100.0
0.3441270396205387,94.21486178608751,81.98230750223479,8.206034530793229,3.8690913296103764,2.2848769082505545,68.7391597102487
6.872463886022712,79.89609561923419,49.715839846473344,7.272077436240833,2.799936884008221,1.4620903252608253,83.7281640373796
6.095079626445853,54.29823837784564,62.08481384333384,6.734707107371099,2.9179020652670937,1.0752138010343295,79.00143508939797
4.153801067788814,62.736593737397726,65.59920096693887,5.592210634792693,3.366992635889368,0.9689568995149532,78.7673887868466
6.748929671933325,90.32902090934907,74.53176169961758,5.485543458338491,1.62651046735723,0.4961599880810995,99.07144010270594
5.6453025534425025,52.32630952577414,85.24732187410439,9.23083858049252,4.372596348477893,0.4310576887770532,89.64625127594594
6.3048148890514994,87.94278326488505,46.11979223245636,7.702262704174043,0.5284550840659435,1.5469562859285495,92.10575644330042
9.976342977676351,75.9915480917829,72.25275177321105,9.505817123339215,0.7530069116866817,0.007508076232008332,100.0
0.5056791692810059,65.55313461214689,74.04930176953698,5.564084565475135,4.375561056505078,2.35287070305077,65.29763176934736
3.156415412024549,92.52980838879809,32.167696058289344,6.497752689395959,0.6379570975896376,0.21440620031574786,64.37949575049231
3.1852936920337473,91.78728185624465,38.316195416577855,7.304041413930533,4.241124637732133,2.1333842031490975,58.59309138676049
1.3454003065499964,78.17439111421594,92.00021151509245,9.236993029739558,1.8405563773461804,1.818572813362,80.92448419985179
4.8265917166034855,88.08178856548173,42.20748027776283,7.068147671127532,0.1995194490725749,0.10338282396562615,81.20364313743531
4.753051720830316,51.705339889534415,39.554782168465536,6.466772857311762,0.8686090171010441,2.47097175530404,74.29179028851158
2.059318429784901,59.42219596265434,79.28599492681047,6.595685855512846,2.7476777360210463,0.3874761977445903,69.75356411636929
3.1608625673977087,68.09445521412819,35.90887870365906,6.277553978279578,0.45262396201445676,1.9223373252536413,64.04058918739867
2.791374989451291,98.47340614775001,86.85493538511321,9.667429009050943,4.693062985583937,0.2998680313727472,82.1248677664167
2.5573598886378512,96.71002755052402,94.20286524116149,7.671681966221172,4.595980663543433,0.7215038004223683,85.82091645787978
3.9692120014061505,55.01506309801933,88.7113384816825,5.405440859857137,3.39525898468322,1.2590095678560638,82.26407530219242
3.2516213882428113,80.33517172178414,49.68391042052788,6.54930589018262,2.6113948897086754,0.7746574504911083,63.451900452088466
1.3646551625619319,69.69541191721977,93.87716559660188,7.423104107471733,1.4815288689889012,0.8681376761624042,85.12036902405887
3.406227064093393,99.3870200359604,44.241333855399915,9.424180544452188,4.5927432959291945,2.60496887587332,61.31419858548835
5.745646631484669,83.36465394640823,59.07597345986042,6.394205687596365,2.711882158169617,0.9334580422530546,82.5611486337929
3.5847321857059313,55.618406404538355,42.257454306015646,9.07638392076006,1.1753150798147711,0.7410349134069338,58.17154741282893
2.158319545396389,79.57949843691974,40.31191485810739,9.412978518521513,4.055547351631318,0.8073392349338822,48.33383157916711
1.0313062498017722,57.56068054120459,84.97948055754779,5.9920358398891125,0.6778796943612231,2.148473152119892,78.09143352938838
4.86831478926805,89.34785093710404,59.02601533271854,6.93111640145156,0.5788368853345649,1.2357579677015478,84.6379124912249
2.2932740203422943,73.05914887774865,40.67072383448159,8.964866456300797,2.1226616441701713,0.13400027414876026,59.36493002573132
6.840931529935695,92.55139376240979,74.03474815027852,6.277897318700178,3.6769503019877012,1.7080541330082144,100.0
8.638463765905358,87.06589650823707,45.7300012903775,5.005091486312028,4.073453524608863,1.5201768820935226,89.49444887699522
0.5172440476716811,82.08959895691935,67.78323358920389,7.6873417232195935,0.36033634924112434,0.23728188088415647,66.25606748257782
2.2833769581774033,61.54760550850228,32.869145572568804,4.291732360895614,0.01179203093706338,2.0603662230149595,58.0717704658571
4.080087923702999,63.12376020498415,63.01912392134384,6.781991295394203,1.1016497931259788,0.02649227925608988,75.39948097038034
4.118094812877155,90.20808311224638,51.4593038694953,6.694345933363747,1.537573005078849,0.4196853441484234,76.01598786463668
1.2490566137340398,60.75901811337642,40.38411661465251,8.757946763837886,2.1129390176221428,0.3930628333144891,49.71731546394348
4.481439825302219,78.88286333542204,32.7280725909821,5.03088826186216,2.6521288087981807,2.956579729612952,69.51216181063079
6.168406413208777,63.176811697078534,82.56503470744786,7.596568606303264,1.4436219227445812,0.1211989933767672,100.0
2.0672965739653746,58.418795665502024,63.28022899372018,5.4717608568100875,0.4160808292184154,1.9646389268396398,63.86816509418365
1.1955688469464454,97.52746190779526,44.02483296176353,9.333724919694019,2.7037651506453724,1.9767029205013176,59.396423728470346
6.723345777445121,87.95563092237971,71.84523460078111,5.61680122323191,2.7439345252051965,2.9009717488134372,100.0
4.956631220456307,96.2421092854725,58.40053706505054,7.663234245334496,1.1152497622060276,1.8617924414145284,84.94207426065206
7.473478662353318,84.0035066124233,80.37208040713354,8.914922771104923,0.9572024117069472,2.1419166375264673,100.0
6.235853813124713,66.93896738816133,44.400619564333525,5.402239360516607,0.8887423342335277,0.5493510997427433,78.44687575027584
1.2448882383513193,66.83510075082049,90.0967889711581,7.1453840346426105,1.2551824689633446,2.6794187303221184,77.80141605177562
5.79032294400577,75.78661943491961,47.27363130053459,5.277033954512877,0.268923975132373,0.4261857384685216,77.97521199280355
0.16185018624216396,58.55975120058668,63.44181418956358,8.926859111696452,3.1538133826879577,1.3106241488508688,55.88539713797498
2.357222134221042,94.6840900474467,90.89079319146009,8.184348303251518,0.7854117495437518,0.23785170545567913,90.82075533899987
8.186826072579038,89.66353016764936,33.953342353569454,6.660723507116611,2.395713704225957,1.2725919324073918,88.05304558127584
4.232184907269839,82.43741092296443,48.41553599158553,8.402038658353822,3.4806085381653977,1.3065710627450797,73.58653882709771
9.43801724742021,77.31097268802192,62.48310009636279,8.599053759520485,4.031718747146794,2.7098292678894786,99.40854785478163
0.15116733409263006,68.58589661845657,46.2211751712431,9.79972818728544,3.577149999993494,0.8264216761190586,40.0285624590526
0.7245097336036788,58.06794468646919,55.43355150790681,5.92700285655157,0.8352651180152787,0.7022523849609453,51.997808873165084
3.115081737117702,90.2967011915409,73.79670846285377,6.071870146452354,2.4846305667294857,0.8655320889147113,85.34121237900541
7.486133346395713,64.83885894359906,73.04745139777674,9.606496945494683,1.669261221564794,1.5674910078852142,94.6712900587668
0.5208929903897819,76.780700763245,85.25952664949035,6.317626652402734,2.7464739051292995,2.383481921651621,69.72293660312644
2.6486154596029357,60.15385918599403,31.576934084316946,7.9267628662187315,4.706781022667613,1.7833077024901904,49.08894631849389
9.93376925183219,96.82441492849026,78.70158588818941,7.308546826792798,4.777000721822272,0.9735201161392028,100.0
6.125258894464652,84.5252520034194,90.4560478716427,7.469704129621036,0.8798667315858183,0.14484476564410997,100.0
8.766336387023188,80.6898383421663,64.06713449983408,7.001004340775356,1.916866934880082,0.44945746743163617,100.0
3.016680641926841,59.371109689257736,92.65838290497432,4.466129146222676,4.200132030269176,1.6326015752889362,80.97236746107247
7.3303984581005235,99.5065935390033,87.17469630090966,5.339431660305719,0.6013996339196392,1.8354337297991732,100.0
0.33061415368940916,90.20288140443574,94.84092242206228,6.877185520750451,0.31010647470553265,1.85616442504953,87.18736714813517
3.8822797470727375,94.35878996179159,44.88139806363072,4.871641807020266,3.992037992270644,1.023256294596495,66.74559508446083
1.99684603988442,62.3594621023877,44.63833777458771,9.880101401772485,2.138689671279189,0.9556803594369051,53.81181760117573
2.10976533750475,71.04832526144719,34.60806638584533,8.36731622003757,3.1608564963331975,0.7599546224849154,48.016998819874075
1.7991499607435801,58.83512446987335,40.71093732227865,4.701246548866168,3.6146279899065705,2.1035601631382637,47.71549479362679
3.052377540509683,56.89020543816565,50.8087146101952,9.163858253067518,0.1732870150258392,0.8433094536631723,62.46752295870498
1.5257085788265878,94.45009611949855,66.06335563197041,5.2204902598467635,4.399132890223278,2.547874300579264,66.9088165140604
1.3956772512191984,88.43297654161105,69.80331932639854,4.235302534996622,2.2930605983283483,1.3212496097098403,63.57265937825606
9.08174797631098,52.9552540061097,86.22436735601191,8.176554273032544,1.9709192029325517,1.459097702150291,100.0
2.2631825812599504,89.63721612661354,51.039223876820884,7.359033995238195,0.863574199850557,0.3280647600364929,71.29294127746412
5.448830755128004,61.823108594829094,84.03458587517855,9.048893413958574,0.2521641689520743,2.3704541586377914,96.71157440222356
9.194598998206633,87.0214653765111,31.261964593394612,6.660766374274707,1.224063024732558,0.8352413056481818,92.59946427142005
6.847710516132743,80.25248223159235,36.37887352942141,6.118055055824158,2.805372947573857,2.745374258871688,79.47293870380157
8.974892571741547,56.82719754187386,70.04505165239374,9.54158405723538,4.946149712277187,0.07857840538629679,94.26363645612271
9.628887124623255,78.23278574761389,44.36198290523053,9.186364841954472,4.362142279992892,2.354032973923606,94.15441809520156
0.48887333432614866,99.19963853890363,74.40686190164747,9.954416086399991,2.363411016556045,2.0216039609311736,64.7179592016525
1.536772308878649,89.75434161837738,51.58081254355963,4.933632665148911,2.2897004216688197,2.325325057333361,66.36189789801
3.4952654079595846,80.65210381154746,80.50696176038407,4.818526488382538,3.8306532824306743,2.659755860499465,79.2921961650685
9.880199008731154,61.86734148799359,68.4896631788284,4.788873003822411,4.480990821942851,2.005857619328511,97.3591443657129
9.876193468775053,72.29117310043453,78.6062080821016,7.668588780016582,3.098403332520496,0.23123728715100833,100.0
0.7726306428650764,73.93227839687921,35.74261107603661,5.475614430965765,2.1064831215598554,0.5209903772053428,50.33840588818139
0.3574820696566716,85.34620050345451,59.59240046483675,8.003921890362687,0.3923358892592138,0.10836521836710122,61.5801065321952
6.278153908035691,70.46456615004568,50.95939799364989,5.639614557035963,2.993215179089505,1.9679237703263484,81.27691013037466
8.980962046821691,84.29726952642741,86.94044987140211,7.095500564742858,2.263270654104863,2.9433684806717286,100.0
6.62272587420667,66.14662383952493,85.78075444199547,9.211006234998004,1.1533899446489877,1.1496491970103535,98.32854744453492
3.993554674834293,74.25945016811966,89.64950738392014,4.772399141674557,2.0112480658969876,1.3547761524480406,84.51078367709115
7.805328605950122,67.2952127058895,48.21152538769731,5.543214071105566,2.8440795085475044,2.7529901615831065,92.38375131761475
3.5381376570866396,68.44065444192758,87.91549101551597,6.511506795508813,2.8319789595758005,2.2535586396055054,86.36783559474425
7.471887638108662,85.7997727285588,30.13151586945051,6.250504164762955,2.1906206148474396,0.3615687873525515,76.88170614642252
5.521428057359657,86.88111441444853,93.81330324232763,5.0250737585645116,3.8007804700336023,0.8229033907002835,92.84520766981221
2.1262722212289056,67.90246974049884,41.43934759726328,9.110471611269062,4.71690843642544,0.7666498203642585,45.882659032444444
3.279119567942522,75.03107755870691,72.58043583993341,6.316743829040158,0.7943786905300354,2.8245565370941716,83.34415364747187
6.362487367464774,88.58409448931208,57.123547425355866,9.210382661820894,3.81642035728183,0.6902097001871984,87.60973499092076
1.4832239384024537,65.79455171727881,38.96543023277357,5.8530345336276515,2.974393839319486,2.615066630949651,56.36696831266157
8.214324896729476,58.11240232533834,48.141089031617256,4.572128803611352,4.58853175462893,1.0012632358144615,78.85602011649685
5.724744184860998,73.04749003347686,36.16115398889126,5.233382734150146,4.3006241326253285,1.0409585907690353,67.36894305881742
6.232892455465572,58.5956948646037,67.09355523502612,6.257356391423183,0.050419561185009454,2.4023959629050733,94.74741390431859
6.223835053817856,53.098407464239514,43.48607667701851,9.393667835993927,3.243614792353058,0.43582431087082274,66.63230445774194
5.540715436805287,72.50264937829999,57.35719146062402,8.222814807771307,4.256492656774517,2.4266381329696824,81.20955591386249
6.436921162978006,71.27466687768286,33.26899547670244,4.369556648223968,1.918973830446891,2.1415951479281303,68.86678203532583
8.225224987164783,50.30946221819709,53.72489245094373,8.254426713803142,4.923029141545135,1.4005001476156487,82.06669046476496
9.912134824862683,82.56518233785471,55.61550663306225,9.940421409447694,4.455265830457524,0.14119594077489106,98.42582918860751
8.855632080934138,50.01840292848797,78.30557326105085,9.55199161093131,2.2548950256658356,1.6065589585823579,100.0
7.931561942938795,52.95890697468933,58.444667320448914,5.983968599280179,2.3189214328644936,0.7521859623033966,92.12646819840174
8.220636417219534,55.47702721629631,47.75730896759306,4.499058986691185,1.3483823428650477,2.6188047869870443,86.83194342569756
7.242989234679897,92.35166603190406,67.04435529037869,7.743815941770831,3.1027549533543675,1.7678759933195463,95.16503597176757
7.272159967082268,58.09218646656265,45.56346314280007,7.003023770558039,1.1236536433177846,0.36809414210352587,85.85796996132918
3.743971016432448,90.91746174683959,72.0088800732236,4.91197789118887,0.38521120337847436,0.7386149807113737,87.45802942798088
1.664345188551547,69.21422799135081,79.23271309551299,4.671372832682251,4.3313001580334545,2.643602364685834,67.47054620594717
8.274686169822553,55.49816184417,94.39130310875018,5.610104948200879,3.636326136382758,0.7084508098384512,100.0
0.6317865562932479,65.37689685443408,61.0324961079416,4.1536877470434455,3.8417168942710993,2.227121859100662,48.80642732437695
2.720742052860908,82.19103873360837,80.19883247594856,7.524613344811321,0.7224214972159787,0.8637951214664846,84.8052471017462
6.010376623303928,58.11227635169379,37.30431286693371,6.389503550602479,1.4036099258611663,2.5684545369946976,80.94692730791682
5.825738097995209,78.94989712393924,63.886853845460074,9.58778230923426,1.6611897034901073,1.2113109507179416,82.68696591805765
3.222812807923283,95.37978177386043,59.54460759542063,8.983576495513296,3.713933816789723,0.4684913510465992,65.52582303261214
1.1554503813307526,68.53714988552439,72.26674496198862,7.6108906550145115,0.15504571924757293,1.5222808945451969,69.85495165639834
